4 6 2
-755.000000 -140.000000
-620.600000 -140.000000
-490.200000 -144.000000
-352.800000 -140.000000
-216.400000 -133.000000
-81.000000 -143.000000
-762.000000 -282.000000
-623.600000 -277.200000
-487.200000 -281.400000
-350.800000 -275.600000
-214.400000 -267.800000
-78.000000 -269.000000
-762.000000 -420.000000
-625.600000 -420.200000
-489.200000 -420.400000
-352.800000 -420.600000
-216.400000 -420.800000
-80.000000 -421.000000
-762.000000 -547.000000
-625.600000 -547.200000
-489.200000 -547.400000
-352.800000 -547.600000
-216.400000 -554.800000
-80.000000 -555.000000
