4 6 2
-755.000000 -160.000000
-620.600000 -160.000000
-490.200000 -149.000000
-352.800000 -145.000000
-216.400000 -143.000000
-80.000000 -143.000000
-762.000000 -292.000000
-623.600000 -287.200000
-487.200000 -293.400000
-350.800000 -287.600000
-214.400000 -280.800000
-78.000000 -282.000000
-762.000000 -420.000000
-625.600000 -420.200000
-489.200000 -420.400000
-352.800000 -420.600000
-216.400000 -420.800000
-80.000000 -421.000000
-762.000000 -557.000000
-625.600000 -557.200000
-489.200000 -557.400000
-352.800000 -557.600000
-216.400000 -557.800000
-80.000000 -558.000000
